index,timestep,Offset_Tr_X,Offset_Tr_Y,Offset_Tr_Z,accumulated_integrand:TotalIntegrand,accumulated_integrand:FlowIntegrand
0,0.0,0.0,0.0,0.0,0.5991678,0.010417587
1,0.000100000005,-0.0041385824,-0.00057164853,-0.00060472114,0.5991678,0.010417587
2,0.00020000001,-0.008277165,-0.0011432971,-0.0012094423,0.5991678,0.010417587
3,0.0003,-0.012415747,-0.0017149457,-0.0018141634,0.5991678,0.010417587
4,0.00040000002,-0.01655433,-0.0022865941,-0.0024188845,0.5991678,0.010417587
5,0.0005,-0.020692911,-0.0028582427,-0.0030236056,0.5991678,0.010417587
6,0.0006,-0.024831494,-0.0034298913,-0.0036283268,0.5991678,0.010417587
7,0.00070000003,-0.028970076,-0.0040015397,-0.004233048,0.5991678,0.010417587
8,0.00080000004,-0.03310866,-0.0045731883,-0.004837769,0.5991678,0.010417587
9,0.00090000004,-0.03724724,-0.005144837,-0.00544249,0.5991678,0.010417587
10,0.001,-0.041385822,-0.0057164854,-0.006047211,0.5991678,0.010417587
11,0.0035615386,-0.043682665,-0.0044739675,-0.0067086313,0.6768266,0.09893222
12,0.006123077,-0.045979504,-0.0032314495,-0.0073700515,0.6768266,0.09893222
13,0.008684616,-0.048276342,-0.0019889316,-0.008031472,0.6768266,0.09893222
14,0.011246154,-0.050573185,-0.00074641407,-0.008692891,0.6768266,0.09893222
15,0.013807693,-0.052870024,0.0004961039,-0.009354311,0.6768266,0.09893222
16,0.016369231,-0.055166867,0.0017386221,-0.010015732,0.6768266,0.09893222
17,0.018930769,-0.057463706,0.0029811393,-0.010677151,0.6768266,0.09893222
18,0.021492308,-0.05976055,0.0042236573,-0.011338572,0.6768266,0.09893222
19,0.024053846,-0.062057383,0.0054661753,-0.011999991,0.6768266,0.09893222
20,0.026615385,-0.064354226,0.006708693,-0.012661411,0.6768266,0.09893222
21,0.029176923,-0.06481644,0.0015275888,-0.015408656,0.71634144,0.28977472
22,0.03173846,-0.06527865,-0.0036535156,-0.018155899,0.71634144,0.28977472
23,0.0343,-0.06574086,-0.008834621,-0.020903144,0.71634144,0.28977472
24,0.03686154,-0.06620308,-0.014015724,-0.023650387,0.71634144,0.28977472
25,0.03942308,-0.06666529,-0.019196829,-0.026397632,0.71634144,0.28977472
26,0.041984614,-0.0671275,-0.024377935,-0.029144876,0.71634144,0.28977472
27,0.044546153,-0.067589715,-0.029559037,-0.03189212,0.71634144,0.28977472
28,0.047107693,-0.06805193,-0.034740143,-0.034639362,0.71634144,0.28977472
29,0.04966923,-0.06851414,-0.039921246,-0.037386607,0.71634144,0.28977472
30,0.052230768,-0.06897635,-0.04510235,-0.040133853,0.71634144,0.28977472
31,0.054792307,-0.074877925,-0.05110707,-0.041420467,1.5460708,0.6015013
32,0.057353847,-0.0807795,-0.057111792,-0.042707082,1.5460708,0.6015013
33,0.059915386,-0.08668107,-0.06311652,-0.043993697,1.5460708,0.6015013
34,0.062476926,-0.09258264,-0.06912124,-0.045280315,1.5460708,0.6015013
35,0.06503846,-0.09848422,-0.07512596,-0.04656693,1.5460708,0.6015013
36,0.0676,-0.10438579,-0.08113068,-0.047853544,1.5460708,0.6015013
37,0.07016154,-0.11028736,-0.087135404,-0.049140163,1.5460708,0.6015013
38,0.072723076,-0.116188936,-0.093140125,-0.050426777,1.5460708,0.6015013
39,0.075284615,-0.1220905,-0.099144846,-0.051713392,1.5460708,0.6015013
40,0.077846155,-0.12799208,-0.10514957,-0.053000007,1.5460708,0.6015013
41,0.08040769,-0.13117318,-0.11594721,-0.049100004,2.3813438,0.8359205
42,0.08296923,-0.13435428,-0.12674487,-0.045200005,2.3813438,0.8359205
43,0.08553077,-0.13753538,-0.1375425,-0.041300002,2.3813438,0.8359205
44,0.08809231,-0.1407165,-0.14834015,-0.0374,2.3813438,0.8359205
45,0.09065385,-0.14389758,-0.15913779,-0.033499997,2.3813438,0.8359205
46,0.09321539,-0.14707868,-0.16993544,-0.029599996,2.3813438,0.8359205
47,0.09577692,-0.15025978,-0.18073308,-0.025699994,2.3813438,0.8359205
48,0.09833847,-0.1534409,-0.19153073,-0.021799993,2.3813438,0.8359205
49,0.100899994,-0.15662196,-0.20232837,-0.017899988,2.3813438,0.8359205
50,0.10346154,-0.15980308,-0.21312602,-0.013999987,2.3813438,0.8359205
51,0.10602307,-0.15435347,-0.21527168,-0.017396834,2.1923923,1.059483
52,0.10858463,-0.14890388,-0.21741736,-0.020793684,2.1923923,1.059483
53,0.11114616,-0.14345427,-0.219563,-0.02419053,2.1923923,1.059483
54,0.1137077,-0.13800466,-0.22170869,-0.027587378,2.1923923,1.059483
55,0.11626923,-0.13255505,-0.22385435,-0.030984225,2.1923923,1.059483
56,0.118830785,-0.12710546,-0.22600003,-0.034381073,2.1923923,1.059483
57,0.12139231,-0.12165585,-0.22814569,-0.03777792,2.1923923,1.059483
58,0.12395386,-0.11620624,-0.23029135,-0.04117477,2.1923923,1.059483
59,0.12651539,-0.11075664,-0.23243701,-0.044571612,2.1923923,1.059483
60,0.12907693,-0.105307035,-0.23458268,-0.047968462,2.1923923,1.059483
61,0.13163847,-0.113929875,-0.23029685,-0.05387161,2.3055599,1.286494
62,0.1342,-0.12255271,-0.22601102,-0.05977476,2.3055599,1.286494
63,0.13676155,-0.13117555,-0.2217252,-0.06567791,2.3055599,1.286494
64,0.13932309,-0.13979839,-0.21743937,-0.07158106,2.3055599,1.286494
65,0.14188462,-0.14842123,-0.21315353,-0.077484205,2.3055599,1.286494
66,0.14444616,-0.15704407,-0.2088677,-0.08338735,2.3055599,1.286494
67,0.1470077,-0.16566691,-0.20458186,-0.0892905,2.3055599,1.286494
68,0.14956923,-0.17428973,-0.20029604,-0.095193654,2.3055599,1.286494
69,0.15213077,-0.18291257,-0.1960102,-0.1010968,2.3055599,1.286494
70,0.1546923,-0.19153541,-0.19172437,-0.10699995,2.3055599,1.286494
71,0.15725383,-0.21498814,-0.19627476,-0.09901491,3.3042736,1.4226333
72,0.15981539,-0.2384409,-0.20082517,-0.091029875,3.3042736,1.4226333
73,0.16237693,-0.26189363,-0.20537555,-0.083044834,3.3042736,1.4226333
74,0.16493845,-0.2853464,-0.20992596,-0.075059794,3.3042736,1.4226333
75,0.16749999,-0.30879912,-0.21447635,-0.06707476,3.3042736,1.4226333
76,0.17006153,-0.33225188,-0.21902674,-0.05908972,3.3042736,1.4226333
77,0.17262307,-0.3557046,-0.22357714,-0.05110468,3.3042736,1.4226333
78,0.17518461,-0.37915733,-0.22812754,-0.043119643,3.3042736,1.4226333
79,0.17774615,-0.40261006,-0.2326779,-0.035134602,3.3042736,1.4226333
80,0.18030769,-0.42606282,-0.23722832,-0.027149566,3.3042736,1.4226333
81,0.18286921,-0.42079824,-0.22587477,-0.029991299,2.5234985,1.5165827
82,0.18543077,-0.41553372,-0.21452124,-0.032833036,2.5234985,1.5165827
83,0.1879923,-0.41026914,-0.20316768,-0.035674766,2.5234985,1.5165827
84,0.19055384,-0.40500462,-0.19181414,-0.038516507,2.5234985,1.5165827
85,0.19311538,-0.39974004,-0.1804606,-0.041358236,2.5234985,1.5165827
86,0.19567692,-0.39447546,-0.16910705,-0.044199973,2.5234985,1.5165827
87,0.19823846,-0.3892109,-0.1577535,-0.047041703,2.5234985,1.5165827
88,0.2008,-0.38394636,-0.14639996,-0.04988344,2.5234985,1.5165827
89,0.20336153,-0.37868178,-0.13504641,-0.052725174,2.5234985,1.5165827
90,0.20592308,-0.37341723,-0.12369287,-0.055566907,2.5234985,1.5165827
91,0.2084846,-0.3715991,-0.13905033,-0.043313358,2.6378422,1.6157634
92,0.21104616,-0.36978102,-0.15440781,-0.031059816,2.6378422,1.6157634
93,0.2136077,-0.3679629,-0.1697653,-0.018806264,2.6378422,1.6157634
94,0.21616924,-0.3661448,-0.18512276,-0.0065527204,2.6378422,1.6157634
95,0.21873078,-0.3643267,-0.20048024,0.0057008266,2.6378422,1.6157634
96,0.22129232,-0.3625086,-0.21583772,0.017954374,2.6378422,1.6157634
97,0.22385384,-0.36069047,-0.23119518,0.030207919,2.6378422,1.6157634
98,0.2264154,-0.35887238,-0.24655266,0.042461466,2.6378422,1.6157634
99,0.2289769,-0.35705423,-0.2619101,0.05471501,2.6378422,1.6157634
100,0.23153846,-0.35523614,-0.2772676,0.06696856,2.6378422,1.6157634
101,0.23409998,-0.32467708,-0.2958802,0.084444925,3.107232,1.8451043
102,0.23666155,-0.29411805,-0.31449282,0.101921305,3.107232,1.8451043
103,0.23922308,-0.26355898,-0.33310544,0.11939767,3.107232,1.8451043
104,0.24178462,-0.23299994,-0.35171807,0.13687405,3.107232,1.8451043
105,0.24434614,-0.20244087,-0.37033066,0.1543504,3.107232,1.8451043
106,0.24690771,-0.17188182,-0.38894328,0.1718268,3.107232,1.8451043
107,0.24946922,-0.14132278,-0.40755588,0.18930314,3.107232,1.8451043
108,0.25203076,-0.11076372,-0.4261685,0.20677952,3.107232,1.8451043
109,0.2545923,-0.080204666,-0.4447811,0.22425587,3.107232,1.8451043
110,0.25715384,-0.04964561,-0.46339372,0.24173225,3.107232,1.8451043
111,0.25971538,-0.03512041,-0.45199764,0.25205824,3.2352073,1.9709818
112,0.26227692,-0.020595215,-0.4406016,0.26238424,3.2352073,1.9709818
113,0.26483846,-0.006070012,-0.4292055,0.27271023,3.2352073,1.9709818
114,0.26740003,0.0084551815,-0.41780943,0.28303623,3.2352073,1.9709818
115,0.26996154,0.02298038,-0.40641338,0.29336223,3.2352073,1.9709818
116,0.2725231,0.037505582,-0.39501733,0.30368823,3.2352073,1.9709818
117,0.2750846,0.052030776,-0.38362122,0.31401423,3.2352073,1.9709818
118,0.27764615,0.06655598,-0.37222517,0.32434022,3.2352073,1.9709818
119,0.2802077,0.081081174,-0.36082906,0.3346662,3.2352073,1.9709818
120,0.28276923,0.09560637,-0.349433,0.3449922,3.2352073,1.9709818
121,0.28533077,0.12177172,-0.33761725,0.36988744,3.8626719,2.0562205
122,0.2878923,0.14793707,-0.32580152,0.39478275,3.8626719,2.0562205
123,0.29045385,0.17410243,-0.31398576,0.41967803,3.8626719,2.0562205
124,0.29301542,0.20026778,-0.30217004,0.44457328,3.8626719,2.0562205
125,0.29557693,0.22643313,-0.29035428,0.46946853,3.8626719,2.0562205
126,0.2981385,0.25259846,-0.27853855,0.49436384,3.8626719,2.0562205
127,0.3007,0.2787638,-0.2667228,0.5192591,3.8626719,2.0562205
128,0.30326155,0.3049292,-0.25490707,0.54415435,3.8626719,2.0562205
129,0.3058231,0.33109453,-0.24309132,0.56904966,3.8626719,2.0562205
130,0.30838463,0.35725987,-0.23127557,0.5939449,3.8626719,2.0562205
131,0.31094617,0.2945276,-0.19597164,0.55614096,2.6448646,2.32152
132,0.3135077,0.23179531,-0.16066769,0.518337,2.6448646,2.32152
133,0.31606925,0.16906299,-0.12536375,0.48053312,2.6448646,2.32152
134,0.31863078,0.10633072,-0.09005981,0.44272918,2.6448646,2.32152
135,0.32119232,0.04359843,-0.054755863,0.40492523,2.6448646,2.32152
136,0.32375386,-0.019133866,-0.019451916,0.3671213,2.6448646,2.32152
137,0.3263154,-0.08186614,0.01585202,0.3293174,2.6448646,2.32152
138,0.3288769,-0.14459844,0.051155966,0.29151344,2.6448646,2.32152
139,0.33143845,-0.2073307,0.086459905,0.2537095,2.6448646,2.32152
140,0.334,-0.270063,0.12176385,0.21590556,2.6448646,2.32152
141,0.33656153,-0.24450158,0.1691292,0.23825753,3.8253314,2.9942093
142,0.33912307,-0.21894018,0.21649455,0.2606095,3.8253314,2.9942093
143,0.3416846,-0.19337875,0.2638599,0.2829615,3.8253314,2.9942093
144,0.34424615,-0.16781734,0.31122524,0.30531347,3.8253314,2.9942093
145,0.3468077,-0.14225592,0.35859057,0.32766542,3.8253314,2.9942093
146,0.34936923,-0.116694495,0.40595594,0.35001737,3.8253314,2.9942093
147,0.35193077,-0.09113308,0.45332128,0.37236935,3.8253314,2.9942093
148,0.3544923,-0.06557165,0.50068665,0.39472133,3.8253314,2.9942093
149,0.35705385,-0.040010232,0.54805195,0.41707328,3.8253314,2.9942093
150,0.3596154,-0.014448811,0.5954173,0.43942526,3.8253314,2.9942093
151,0.36217692,-0.011459827,0.6050291,0.40376383,4.352619,3.3876278
152,0.36473846,-0.008470846,0.61464095,0.3681024,4.352619,3.3876278
153,0.3673,-0.005481863,0.62425274,0.33244097,4.352619,3.3876278
154,0.36986154,-0.0024928804,0.6338645,0.29677957,4.352619,3.3876278
155,0.37242308,0.0004961025,0.64347637,0.26111814,4.352619,3.3876278
156,0.37498462,0.003485085,0.6530882,0.22545671,4.352619,3.3876278
157,0.37754616,0.0064740675,0.66269994,0.1897953,4.352619,3.3876278
158,0.3801077,0.00946305,0.6723118,0.15413389,4.352619,3.3876278
159,0.38266924,0.012452033,0.6819236,0.11847245,4.352619,3.3876278
160,0.38523078,0.015441016,0.6915354,0.08281103,4.352619,3.3876278
161,0.38779232,0.017859135,0.67289054,0.068638586,4.2188683,3.6252093
162,0.39035386,0.020277252,0.6542457,0.05446615,4.2188683,3.6252093
163,0.3929154,0.02269537,0.6356008,0.0402937,4.2188683,3.6252093
164,0.39547694,0.02511349,0.61695594,0.026121264,4.2188683,3.6252093
165,0.39803845,0.027531605,0.59831107,0.011948822,4.2188683,3.6252093
166,0.40060002,0.029949725,0.57966614,-0.0022236183,4.2188683,3.6252093
167,0.40316153,0.03236784,0.56102127,-0.01639606,4.2188683,3.6252093
168,0.40572307,0.03478596,0.5423764,-0.030568501,4.2188683,3.6252093
169,0.4082846,0.03720408,0.5237315,-0.04474094,4.2188683,3.6252093
170,0.41084614,0.039622195,0.50508666,-0.058913384,4.2188683,3.6252093
171,0.41340768,-0.05422111,0.5501544,-0.027281886,4.946471,3.9832559
172,0.41596922,-0.1480644,0.5952221,0.0043496117,4.946471,3.9832559
173,0.41853076,-0.24190775,0.6402898,0.035981108,4.946471,3.9832559
174,0.4210923,-0.33575103,0.6853576,0.0676126,4.946471,3.9832559
175,0.42365384,-0.42959434,0.73042524,0.0992441,4.946471,3.9832559
176,0.4262154,-0.5234377,0.77549297,0.1308756,4.946471,3.9832559
177,0.42877692,-0.61728096,0.8205607,0.16250709,4.946471,3.9832559
178,0.43133846,-0.71112424,0.8656284,0.1941386,4.946471,3.9832559
179,0.4339,-0.8049675,0.9106961,0.22577009,4.946471,3.9832559
180,0.43646154,-0.89881086,0.9557638,0.2574016,4.946471,3.9832559
181,0.43902308,-0.89139587,0.94698423,0.23164253,4.9251246,4.2145762
182,0.44158462,-0.883981,0.93820477,0.20588347,4.9251246,4.2145762
183,0.44414616,-0.87656605,0.92942524,0.1801244,4.9251246,4.2145762
184,0.44670773,-0.8691511,0.9206457,0.15436536,4.9251246,4.2145762
185,0.44926924,-0.8617361,0.9118661,0.1286063,4.9251246,4.2145762
186,0.4518308,-0.8543212,0.90308666,0.10284725,4.9251246,4.2145762
187,0.4543923,-0.8469062,0.8943071,0.077088185,4.9251246,4.2145762
188,0.45695385,-0.8394913,0.8855275,0.051329132,4.9251246,4.2145762
189,0.4595154,-0.83207625,0.87674797,0.025570072,4.9251246,4.2145762
190,0.46207693,-0.8246614,0.86796844,-0.00018898533,4.9251246,4.2145762
191,0.46463847,-0.813529,0.8398314,0.06926298,4.9089804,4.6706605
192,0.4672,-0.80239683,0.81169444,0.13871495,4.9089804,4.6706605
193,0.46976155,-0.7912645,0.7835575,0.20816693,4.9089804,4.6706605
194,0.47232312,-0.78013223,0.7554205,0.27761889,4.9089804,4.6706605
195,0.47488463,-0.76899993,0.7272835,0.34707084,4.9089804,4.6706605
196,0.47744614,-0.7578677,0.6991465,0.41652283,4.9089804,4.6706605
197,0.48000768,-0.74673533,0.67100954,0.4859748,4.9089804,4.6706605
198,0.48256925,-0.7356031,0.6428725,0.5554268,4.9089804,4.6706605
199,0.48513076,-0.72447073,0.6147355,0.6248787,4.9089804,4.6706605
200,0.4876923,-0.7133385,0.5865985,0.6943307,4.9089804,4.6706605
201,0.49025384,-0.6727558,0.5990245,0.7385795,5.244343,5.2131724
202,0.4928154,-0.6321731,0.6114505,0.7828284,5.244343,5.2131724
203,0.49537688,-0.5915904,0.62387645,0.82707715,5.244343,5.2131724
204,0.49793845,-0.55100775,0.6363025,0.8713261,5.244343,5.2131724
205,0.50049996,-0.5104251,0.64872843,0.91557485,5.244343,5.2131724
206,0.50306153,-0.4698424,0.6611544,0.9598237,5.244343,5.2131724
207,0.50562304,-0.42925972,0.6735804,1.0040724,5.244343,5.2131724
208,0.5081846,-0.38867706,0.68600637,1.0483214,5.244343,5.2131724
209,0.5107461,-0.34809437,0.6984323,1.0925702,5.244343,5.2131724
210,0.5133077,-0.3075117,0.71085835,1.136819,5.244343,5.2131724
211,0.5158692,-0.4032991,0.7258331,1.0097197,5.9400945,5.9175634
212,0.51843077,-0.49908647,0.74080795,0.8826206,5.9400945,5.9175634
213,0.5209923,-0.5948739,0.7557827,0.7555213,5.9400945,5.9175634
214,0.52355385,-0.69066125,0.77075756,0.62842214,5.9400945,5.9175634
215,0.5261154,-0.78644866,0.7857323,0.50132287,5.9400945,5.9175634
216,0.5286769,-0.88223606,0.8007071,0.37422368,5.9400945,5.9175634
217,0.53123844,-0.9780234,0.8156819,0.24712445,5.9400945,5.9175634
218,0.5338,-1.0738108,0.83065677,0.120025225,5.9400945,5.9175634
219,0.5363615,-1.1695981,0.8456315,-0.0070739985,5.9400945,5.9175634
220,0.5389231,-1.2653856,0.8606063,-0.13417323,5.9400945,5.9175634
221,0.5414846,-1.2188281,0.76296693,0.010032289,6.1096005,6.420517
222,0.54404616,-1.1722707,0.6653276,0.1542378,6.1096005,6.420517
223,0.5466077,-1.1257132,0.56768817,0.29844332,6.1096005,6.420517
224,0.54916924,-1.0791558,0.47004884,0.44264883,6.1096005,6.420517
225,0.55173075,-1.0325983,0.37240946,0.58685434,6.1096005,6.420517
226,0.5542923,-0.98604083,0.27477008,0.7310599,6.1096005,6.420517
227,0.55685383,-0.9394834,0.1771307,0.87526536,6.1096005,6.420517
228,0.5594154,-0.892926,0.07949134,1.0194709,6.1096005,6.420517
229,0.5619769,-0.84636843,-0.018148035,1.1636764,6.1096005,6.420517
230,0.5645385,-0.799811,-0.11578742,1.307882,6.1096005,6.420517
231,0.5671,-0.80708575,-0.10120867,1.3514756,6.1150885,6.5319405
232,0.56966156,-0.8143606,-0.086629935,1.3950694,6.1150885,6.5319405
233,0.57222307,-0.82163537,-0.0720512,1.438663,6.1150885,6.5319405
234,0.57478464,-0.82891023,-0.057472464,1.4822568,6.1150885,6.5319405
235,0.57734615,-0.836185,-0.04289372,1.5258504,6.1150885,6.5319405
236,0.5799077,-0.84345984,-0.02831498,1.5694442,6.1150885,6.5319405
237,0.5824692,-0.85073465,-0.013736244,1.6130378,6.1150885,6.5319405
238,0.58503073,-0.85800946,0.0008424986,1.6566316,6.1150885,6.5319405
239,0.58759224,-0.8652842,0.015421237,1.7002251,6.1150885,6.5319405
240,0.5901538,-0.872559,0.029999977,1.7438189,6.1150885,6.5319405
241,0.5927153,-0.90960467,0.026685813,1.7817401,6.209112,6.6978345
242,0.5952769,-0.9466504,0.023371652,1.8196615,6.209112,6.6978345
243,0.5978384,-0.9836961,0.020057486,1.8575826,6.209112,6.6978345
244,0.6004,-1.0207417,0.016743325,1.895504,6.209112,6.6978345
245,0.60296154,-1.0577874,0.013429162,1.9334252,6.209112,6.6978345
246,0.60552305,-1.0948331,0.0101149995,1.9713464,6.209112,6.6978345
247,0.60808456,-1.1318787,0.0068008364,2.0092676,6.209112,6.6978345
248,0.6106461,-1.1689245,0.0034866733,2.047189,6.209112,6.6978345
249,0.61320764,-1.2059702,0.00017251051,2.0851102,6.209112,6.6978345
250,0.6157692,-1.2430158,-0.0031416526,2.1230314,6.209112,6.6978345
251,0.6183307,-1.2037228,0.09254733,1.9120913,5.9519753,7.310849
252,0.6208923,-1.1644299,0.18823631,1.7011511,5.9519753,7.310849
253,0.62345386,-1.1251371,0.28392532,1.4902109,5.9519753,7.310849
254,0.6260154,-1.0858442,0.37961426,1.2792708,5.9519753,7.310849
255,0.6285769,-1.0465512,0.47530326,1.0683306,5.9519753,7.310849
256,0.63113844,-1.0072583,0.5709923,0.8573905,5.9519753,7.310849
257,0.6337,-0.96796536,0.66668123,0.6464504,5.9519753,7.310849
258,0.6362616,-0.9286725,0.76237017,0.43551022,5.9519753,7.310849
259,0.63882303,-0.8893795,0.85805917,0.22457008,5.9519753,7.310849
260,0.6413846,-0.8500866,0.95374817,0.0136299245,5.9519753,7.310849
261,0.6439461,-0.6901732,1.1059245,0.14161338,6.2908916,7.886028
262,0.64650774,-0.53025985,1.2581009,0.26959682,6.2908916,7.886028
263,0.6490692,-0.37034643,1.4102772,0.3975803,6.2908916,7.886028
264,0.65163076,-0.21043307,1.5624537,0.5255637,6.2908916,7.886028
265,0.6541923,-0.050519615,1.71463,0.65354717,6.2908916,7.886028
266,0.6567539,0.109393805,1.8668064,0.7815307,6.2908916,7.886028
267,0.65931535,0.26930717,2.0189826,0.90951407,6.2908916,7.886028
268,0.661877,0.4292206,2.171159,1.0374975,6.2908916,7.886028
269,0.6644384,0.589134,2.3233354,1.165481,6.2908916,7.886028
270,0.667,0.7490474,2.4755118,1.2934644,6.2908916,7.886028
271,0.6695615,1.1370254,2.6241937,1.5274967,7.3443522,8.257143
272,0.67212313,1.5250032,2.7728758,1.761529,7.3443522,8.257143
273,0.67468464,1.9129813,2.9215574,1.9955612,7.3443522,8.257143
274,0.6772462,2.300959,3.0702395,2.2295938,7.3443522,8.257143
275,0.67980766,2.688937,3.2189212,2.463626,7.3443522,8.257143
276,0.68236923,3.076915,3.3676033,2.697658,7.3443522,8.257143
277,0.6849308,3.4648929,3.5162852,2.9316902,7.3443522,8.257143
278,0.6874924,3.852871,3.664967,3.1657228,7.3443522,8.257143
279,0.6900538,4.2408485,3.813649,3.3997548,7.3443522,8.257143
280,0.6926154,4.6288266,3.9623308,3.6337872,7.3443522,8.257143
281,0.6951769,4.6149793,3.844656,3.6657627,7.1835284,8.395532
282,0.6977385,4.6011324,3.7269812,3.6977386,7.1835284,8.395532
283,0.7003,4.587285,3.6093063,3.729714,7.1835284,8.395532
284,0.70286155,4.5734377,3.4916315,3.7616897,7.1835284,8.395532
285,0.7054231,4.5595903,3.3739567,3.7936652,7.1835284,8.395532
286,0.7079847,4.5457435,3.2562819,3.8256412,7.1835284,8.395532
287,0.71054614,4.531896,3.138607,3.8576164,7.1835284,8.395532
288,0.71310776,4.5180492,3.0209322,3.8895922,7.1835284,8.395532
289,0.7156692,4.5042014,2.9032574,3.9215674,7.1835284,8.395532
290,0.7182308,4.4903545,2.7855825,3.9535432,7.1835284,8.395532
291,0.7207923,4.755496,2.703699,3.8163226,7.437512,8.597302
292,0.7233539,5.020638,2.6218157,3.6791024,7.437512,8.597302
293,0.72591543,5.2857795,2.5399323,3.5418818,7.437512,8.597302
294,0.728477,5.5509214,2.4580488,3.4046617,7.437512,8.597302
295,0.73103845,5.816063,2.3761652,3.2674408,7.437512,8.597302
296,0.7336,6.0812044,2.294282,3.1302204,7.437512,8.597302
297,0.73616153,6.346346,2.2123983,2.993,7.437512,8.597302
298,0.73872316,6.6114874,2.1305149,2.8557796,7.437512,8.597302
299,0.7412846,6.8766294,2.0486312,2.718559,7.437512,8.597302
300,0.7438462,7.141771,1.9667479,2.5813386,7.437512,8.597302
301,0.7464077,6.9497023,1.754973,2.6049094,6.9456215,8.78408
302,0.7489693,6.757634,1.5431983,2.6284804,6.9456215,8.78408
303,0.75153077,6.5655656,1.3314235,2.6520512,6.9456215,8.78408
304,0.75409234,6.373498,1.1196488,2.6756222,6.9456215,8.78408
305,0.75665385,6.181429,0.9078739,2.699193,6.9456215,8.78408
306,0.7592154,5.989361,0.69609916,2.722764,6.9456215,8.78408
307,0.7617769,5.797292,0.48432443,2.7463348,6.9456215,8.78408
308,0.7643385,5.605224,0.2725496,2.7699058,6.9456215,8.78408
309,0.76689994,5.413155,0.060774818,2.7934766,6.9456215,8.78408
310,0.7694615,5.221087,-0.15099998,2.8170476,6.9456215,8.78408
311,0.772023,4.887016,-0.5579205,2.717038,6.699956,9.214405
312,0.77458465,4.5529456,-0.964841,2.6170285,6.699956,9.214405
313,0.7771461,4.2188745,-1.3717617,2.517019,6.699956,9.214405
314,0.7797077,3.8848035,-1.7786821,2.4170096,6.699956,9.214405
315,0.78226924,3.5507326,-2.1856027,2.3170002,6.699956,9.214405
316,0.7848308,3.216662,-2.5925233,2.2169907,6.699956,9.214405
317,0.7873923,2.8825908,-2.9994438,2.1169813,6.699956,9.214405
318,0.7899538,2.54852,-3.4063642,2.0169716,6.699956,9.214405
319,0.79251534,2.214449,-3.8132846,1.9169621,6.699956,9.214405
320,0.7950769,1.8803781,-4.2202053,1.8169527,6.699956,9.214405
321,0.7976384,1.8685104,-3.8362067,1.242562,7.743684,10.450041
322,0.8002,1.8566427,-3.4522083,0.6681715,7.743684,10.450041
323,0.80276155,1.844775,-3.06821,0.093780994,7.743684,10.450041
324,0.8053231,1.8329072,-2.6842115,-0.48060954,7.743684,10.450041
325,0.8078846,1.8210396,-2.3002129,-1.0550002,7.743684,10.450041
326,0.81044614,1.8091719,-1.9162145,-1.6293907,7.743684,10.450041
327,0.81300765,1.7973042,-1.5322161,-2.2037811,7.743684,10.450041
328,0.8155693,1.7854364,-1.1482174,-2.778172,7.743684,10.450041
329,0.81813073,1.7735686,-0.7642189,-3.3525624,7.743684,10.450041
330,0.8206923,1.761701,-0.3802205,-3.926953,7.743684,10.450041
331,0.8232538,1.7188585,-0.5882756,-2.9778275,9.232059,12.061216
332,0.82581544,1.6760159,-0.7963308,-2.0287025,9.232059,12.061216
333,0.8283769,1.6331733,-1.004386,-1.0795771,9.232059,12.061216
334,0.83093846,1.590331,-1.212441,-0.13045192,9.232059,12.061216
335,0.8335,1.5474883,-1.4204961,0.81867325,9.232059,12.061216
336,0.8360616,1.5046458,-1.6285512,1.7677987,9.232059,12.061216
337,0.8386231,1.4618033,-1.8366064,2.7169237,9.232059,12.061216
338,0.8411846,1.4189608,-2.0446615,3.6660492,9.232059,12.061216
339,0.8437461,1.3761182,-2.2527165,4.6151743,9.232059,12.061216
340,0.8463077,1.3332757,-2.4607718,5.5642996,9.232059,12.061216
341,0.8488692,1.847963,-2.834678,5.383051,9.796848,12.660911
342,0.8514308,2.3626504,-3.2085843,5.201802,9.796848,12.660911
343,0.85399234,2.8773377,-3.5824907,5.0205526,9.796848,12.660911
344,0.8565539,3.392025,-3.9563968,4.839304,9.796848,12.660911
345,0.85911536,3.9067123,-4.330303,4.658055,9.796848,12.660911
346,0.861677,4.4213996,-4.7042093,4.476806,9.796848,12.660911
347,0.8642385,4.936087,-5.0781155,4.295557,9.796848,12.660911
348,0.86680007,5.450774,-5.4520216,4.1143084,9.796848,12.660911
349,0.8693615,5.9654613,-5.8259277,3.9330592,9.796848,12.660911
350,0.8719231,6.480149,-6.1998343,3.7518103,9.796848,12.660911
351,0.8744846,5.67388,-6.384432,3.4090323,9.921208,13.123095
352,0.8770462,4.8676124,-6.5690293,3.0662546,9.921208,13.123095
353,0.8796077,4.0613437,-6.753627,2.7234766,9.921208,13.123095
354,0.8821693,3.2550752,-6.938225,2.380699,9.921208,13.123095
355,0.8847308,2.4488068,-7.122822,2.037921,9.921208,13.123095
356,0.8872924,1.6425383,-7.30742,1.6951431,9.921208,13.123095
357,0.8898539,0.83627,-7.4920173,1.3523653,9.921208,13.123095
358,0.8924154,0.030001521,-7.6766148,1.0095873,9.921208,13.123095
359,0.8949769,-0.77626693,-7.861212,0.66680944,9.921208,13.123095
360,0.8975385,-1.5825354,-8.04581,0.32403156,9.921208,13.123095
361,0.9001,-1.4956559,-8.823893,-0.8862519,10.456102,13.039185
362,0.90266156,-1.4087763,-9.601975,-2.0965352,10.456102,13.039185
363,0.90522313,-1.3218968,-10.380058,-3.306819,10.456102,13.039185
364,0.9077847,-1.2350173,-11.158141,-4.5171022,10.456102,13.039185
365,0.91034615,-1.1481378,-11.936224,-5.7273855,10.456102,13.039185
366,0.9129077,-1.0612582,-12.714307,-6.9376698,10.456102,13.039185
367,0.9154693,-0.9743787,-13.492389,-8.147952,10.456102,13.039185
368,0.91803074,-0.8874992,-14.270473,-9.358236,10.456102,13.039185
369,0.9205923,-0.80061966,-15.048553,-10.56852,10.456102,13.039185
370,0.9231538,-0.7137401,-15.826637,-11.778803,10.456102,13.039185
371,0.9257154,-0.6771992,-16.068886,-10.070513,11.121361,14.660204
372,0.9282769,-0.64065826,-16.311134,-8.362222,11.121361,14.660204
373,0.93083847,-0.6041173,-16.553383,-6.653931,11.121361,14.660204
374,0.93340003,-0.56757635,-16.795631,-4.9456415,11.121361,14.660204
375,0.9359615,-0.5310354,-17.03788,-3.2373502,11.121361,14.660204
376,0.93852305,-0.4944945,-17.280128,-1.5290596,11.121361,14.660204
377,0.9410846,-0.4579535,-17.522377,0.17923045,11.121361,14.660204
378,0.94364613,-0.4214126,-17.764626,1.8875213,11.121361,14.660204
379,0.94620764,-0.38487166,-18.006874,3.5958118,11.121361,14.660204
380,0.9487692,-0.3483307,-18.249123,5.3041024,11.121361,14.660204
381,0.9513307,-0.035006285,-19.359968,5.0350313,11.538052,14.884767
382,0.9538923,0.27831814,-20.470814,4.7659607,11.538052,14.884767
383,0.9564538,0.5916426,-21.581661,4.4968896,11.538052,14.884767
384,0.95901537,0.90496695,-22.692507,4.227819,11.538052,14.884767
385,0.96157694,1.2182914,-23.803352,3.9587479,11.538052,14.884767
386,0.9641385,1.5316159,-24.9142,3.6896772,11.538052,14.884767
387,0.9667,1.8449402,-26.025043,3.4206061,11.538052,14.884767
388,0.9692615,2.1582646,-27.13589,3.1515355,11.538052,14.884767
389,0.9718231,2.471589,-28.246735,2.8824644,11.538052,14.884767
390,0.9743846,2.7849135,-29.35758,2.6133935,11.538052,14.884767
391,0.9769462,2.2630086,-29.469332,1.2903501,11.64437,15.008451
392,0.9795077,1.741104,-29.581085,-0.032693148,11.64437,15.008451
393,0.98206925,1.2191992,-29.692837,-1.3557365,11.64437,15.008451
394,0.9846308,0.69729465,-29.804588,-2.67878,11.64437,15.008451
395,0.9871923,0.17538989,-29.91634,-4.001823,11.64437,15.008451
396,0.98975384,-0.34651494,-30.028091,-5.3248663,11.64437,15.008451
397,0.9923154,-0.8684196,-30.139843,-6.6479096,11.64437,15.008451
398,0.9948769,-1.3903244,-30.251595,-7.9709535,11.64437,15.008451
399,0.99743843,-1.912229,-30.363346,-9.293996,11.64437,15.008451
400,1.0,-2.4341338,-30.475098,-10.61704,11.64437,15.008451
